$ANSIBLE_VAULT;1.1;AES256
62616137306230353030376530636662313133373130363231653664626362343037326664326536
3965306463326636666461666232636434326165653637370a373663613938326133326438653536
61353037333030363063343836323763373661353234353432653464333439346664343136326438
6663333364343832390a636436303061313365363635373433663736396639306565636237663732
34333135623536353766326531326532633563396466393262396263363966616630363037633862
63316564623435303235653563646561663731356334343338653730363161303564353932393564
34336138306166333865633131313163323066313132626331363761303536346534336336373032
63356435626135396136326331343337393735366130356534366262363938303439656664653437
62373636663761613230626339656466373139613339383164303939626137303738336166646336
37616531303965393735386261623332626664333133376330663234363965393337626261346166
62633738353132356234626138356535636232373035326534396362393638373334386637356564
63623864343135373039383536373165616665313933643934616230366531336633313065346236
36363764636138323266356462303430393037393133656638333964656635653564356663626234
62623439613664353335393132313561663430316636313535393465353931366364643836333064
36363863346537366463376136353466303431306264383939353535636233656561396565353663
63306430326239623532633634303136353633333735666463313937613466326633366464663437
36316433336564616132326562383036333262343961363762363939383966303566353163356466
36393337373935373065663130356564396230613862616631363331316266343466353230356133
31313231653762306365343733633337303861376366373637633564393764313764616434623661
35316434623235623332306434643264343631633863643766613330653361363965393630313830
61383565356136386266346331613162326638363663366232363665626631303561653834326130
37386163323462363837636465353638626638316436656266653462343434346263316339636463
37343039656462363564383863663535643362306638363536346233336661333836303336323635
30356663383064383130616238663964363538323237383662666662353234373537666537356636
3031
