$ANSIBLE_VAULT;1.1;AES256
65653131643737653964353362333439386362313830346539623333333637666266363938393861
6532336236663831323763303434313761383733363330630a306433623235613338633963316465
34376331646461393266396261353732326236663961646265323934653736633632316561623939
3930396237653761650a376538663566636638633335323965393631393438626464613437313930
61366538376532666138393566643132353462633133313463393737393938356561623862366537
62303537353431383462383338626263626232383362666437646462643762383831316563643361
63313261636138666235613334353633363835306566643332623862303961643535313435306435
39303835346237346236393132363430663830376630653462383636613336316361643932643562
39356334613739366361663632386665393464386530303966666237303637613137313439623366
31323532313837643735393863313933346463363664333166363835393631333238366134343334
30616638343336353634366335356231343938306236663235623337333966343536373234646436
36396236336664633433633538346664623863363032353165313537336433633566313163323035
39376634373466343031383764646637636130303035656131373231306564643361356264313236
31383539326431623061333339346532356164363237346534393930646264633230353433323866
36386333396436663338336636656333356264643133653239313962663138636332376230336664
34386233656233613034306161303664363166646662343639376561646530366462613062346639
31353764393334306134396237313866366566336464633963653137376538333835363266346633
35316437616637613364383663303662663633393132363662663461393839643136383165313136
66643530393836366437393933623137356136643366643333393234613730626238376434613765
39383738643762306634356338313830333035353130643437366536626139393635636235643834
31336435663835396162316163303662373730373534613965313332393339353861383334316664
38613566613461636130323332323765643634303034356638353738323865663935323836613234
65626639643639373837623032396130633761333535613332613763376535626265396431356632
66373436616136326137646531396138356536363335636130316361306263626330336236393566
66303563303863346265363837386264366163616539643330363564323232663437
